1 0.48488292255605275 0.49257759784075567 0.9212775528565003 0.9527665317139001
0 0.38548192343206195 0.08434547908232119 0.13415094190717458 0.12010796221322537
0 0.6174175880547073 0.08569500674763834 0.1422323239497755 0.12820512820512822
0 0.8210684155282493 0.2078272604588394 0.1034416901452913 0.14035087719298248
0 0.10263355194103116 0.2699055330634278 0.12122073063901319 0.08097165991902834
0 0.8905683010946168 0.8367071524966262 0.08727892606008965 0.11336032388663966
0 0.6182257262589672 0.34008097165991896 0.08889520246860969 0.15114709851551958
0 0.7774289524982047 0.43184885290148445 0.09374403169417021 0.07557354925775975
0 0.6966151320721957 0.6450742240215925 0.05495339788968593 0.13495276653171387
0 0.4202318662152457 0.2935222672064777 0.03879063380448421 0.25775978407557354
