1 0.33906882591093057 0.707827260458838 0.6761133603238855 0.5843454790823188
1 0.2930161943319838 0.32928475033738197 0.5232793522267206 0.426450742240216
0 0.4134615384615385 0.1417004048582996 0.03340080971659916 0.05128205128205128
0 0.48836032388663964 0.17004048582995948 0.05364372469635626 0.05398110661268557
0 0.5303643724696355 0.22199730094466935 0.04251012145748987 0.05533063427800272
0 0.5121457489878543 0.2921727395411606 0.040485829959514205 0.052631578947368425
0 0.6148785425101214 0.5647773279352226 0.049595141700404924 0.06342780026990547
0 0.5870445344129555 0.6794871794871794 0.04858299595141702 0.04453441295546554
0 0.3269230769230769 0.5330634278002698 0.02631578947368414 0.03508771929824562
0 0.5576923076923077 0.4568151147098516 0.05668016194331983 0.07152496626180842
