0 0.20086335885423104 0.20536246675578462 0.20143807518857793 0.19192622745474547 0.205461089529006 0.179449719532352 0.20661052219769974 0.16601348023131288 0.21178296920682158 0.15641616644485637 0.22097843055637148 0.15833562920214767 0.22270257955941208 0.1736913312604781 0.22040371422202462 0.1866477048721944 0.21925428155333088 0.19672488434797372 0.22730031023418706 0.20632219813443026 0.2158059835472496 0.21208058640630414 0.20431165686031225 0.21208058640630414
0 0.1971277026809764 0.2821610253218217 0.2068978803648732 0.2845603537684358 0.21321976004268875 0.29463753324421516 0.2063231640305263 0.3037549813413489 0.1931046883405483 0.30183551858405755 0.18620809232838587 0.2912784734189554 0.19023110666881393 0.28360062238979017
0 0.18908167400012021 0.2605670693022945 0.1839092269909984 0.25384894965177496 0.18793224133142647 0.24329190448667276 0.20172543335575133 0.2528892182731293 0.20574844769617942 0.26536572619552273 0.19252997200620142 0.2677650546421369
0 0.36551958864460926 0.19914426106897276 0.35230111295463135 0.19434560417574454 0.3482780986142032 0.17898990211741408 0.36437015597591554 0.18282882763199665 0.3695426029850374 0.17275164815621738 0.3804622133376279 0.16363420005908366 0.38103692967197483 0.17898990211741408 0.3729909009911186 0.19530533555439017
0 0.2689672444743351 0.17659057367079994 0.2603464994591321 0.17083218539892606 0.25115103810958217 0.16171473730179234 0.2712661098117226 0.16315433436976087 0.2821857201643132 0.16939258833095758 0.2775879894895382 0.17898990211741408
0 0.243105009428726 0.33686571390462383 0.24023142775699166 0.32822813149681296 0.23563369708221668 0.31719122064238797 0.23965671142264477 0.3080737725452543 0.22816238473570738 0.30039592151608907 0.2316106827417886 0.29079860772963256 0.243105009428726 0.28264089101114453 0.2413808604256854 0.27304357722468797 0.23448426441352294 0.2581677408556804 0.24655330743480725 0.24665096431193256 0.25689820145305087 0.24281203879734994 0.26724309547129455 0.26008720361297166 0.26149593212782585 0.27304357722468797 0.2545993361156634 0.28743954790437276 0.2580476341217446 0.29847645875879775 0.26149593212782585 0.31287242943848254 0.2574729177873977 0.32582880305019885 0.2523004707782759 0.3272684001181673 0.2637947974652133 0.3320670570113956 0.2523004707782759 0.33878517666191516
0 0.3729909009911186 0.4635502558858499 0.3839105113437091 0.4693086441577238 0.3896576746871779 0.4942616600025108 0.39080710735587154 0.5360099749735966 0.4057497320488902 0.5499260799639586 0.4160946260671339 0.5652817820222891 0.4304625344258056 0.576318692876714 0.4517270387966398 0.5873556037311389 0.46207193281488346 0.6007918430321781 0.44253157744708976 0.6055904999254064 0.40919803005497146 0.6070300969933748 0.4367844141036212 0.6291039187022249 0.4632213654835772 0.6463790835178466 0.49023303319788014 0.6545368002363346 0.4965549128756956 0.6636542483334683 0.4609225001461897 0.6670133081587282 0.46552023082096466 0.6751710248772161 0.4804628555139832 0.6881273984889326 0.45000288979359915 0.6881273984889326 0.43793384677231484 0.7025233691686172 0.4218417894106026 0.7274763850134042 0.4218417894106026 0.744271684139703 0.4132210443953996 0.7514696694795454 0.40402558304584957 0.6958052495180976 0.3896576746871779 0.626224724566288
0 0.14655266525845184 0.46494975640504904 0.15919642461408298 0.4947014291430642 0.17126546763536726 0.511976593958686 0.15919642461408298 0.5287718930849848 0.15919642461408298 0.5580437001336772 0.1896563903344671 0.5398088039394099 0.2183922070518106 0.5426879980753468 0.22816238473570738 0.5542047746190947 0.2155186253800762 0.5599631628909686 0.1936794046748952 0.5542047746190947 0.18333451065665152 0.5705202080560707 0.20747259669922008 0.5839564473571098 0.2160933417144231 0.5978725523474718 0.1971277026809764 0.5964329552795034 0.1764379146444891 0.5829967159784641 0.16609302062624542 0.5949933582115349 0.15804699194538926 0.6257047623281956 0.15804699194538926 0.6482584497263685 0.15689755927669552 0.6924060931440685 0.1620700062858173 0.7058423324451077 0.17701263097883593 0.7163993776102098 0.17298961663840784 0.7298356169112491 0.15000096326453305 0.7394329306977057 0.15229982860192054 0.75718796120265 0.14080550191498314 0.7557483641346815 0.14023078558063629 0.6050705376873142 0.13567022825689437 0.5640299754428973 0.13505833857151445 0.5585235658230001 0.1396560692462894 0.5196544449878512 0.14655266525845184 0.48318465259931637
0 0.1695413186323266 0.8656376069896087 0.16149528995147044 0.8440436509700814 0.16666773696059228 0.8325268744263336 0.16896660229797975 0.8152517096107119 0.17816206364752968 0.7998960075523815 0.19597827001228263 0.8022953359989955 0.22758766840136052 0.8109329184068065 0.23505898074786985 0.8229295606398772 0.20402429869313882 0.809493321338838 0.19597827001228263 0.8075738585815467 0.17643791464448907 0.8229295606398772 0.17356433297275473 0.853640964756538
0 0.17873677998187656 0.869956398193514 0.18965639033446707 0.8853121002518445 0.21436919271138247 0.8910704885237183 0.23965671142264477 0.8824329061159075 0.24195557676003226 0.8958691454169467 0.22471408672962614 0.9025872650674662 0.19425412100924203 0.897788608174238 0.17069075130102035 0.8795537119799706 0.1660930206262454 0.869956398193514
0 0.48735945152614574 0.9980805372427087 0.4660949471553116 0.9769664469125044 0.472991543167474 0.9664094017474024 0.4660949471553116 0.9308993407375131 0.4701179614957397 0.9049865935140805 0.4925318985352676 0.8963490111062697 0.5281643112647735 0.9059463248927261 0.5546012626447295 0.9213020269510566 0.5741416180125231 0.9491342369317806 0.5867853773681542 0.9774463126018272 0.5913831080429292 0.9928020146601577 0.5770151996842575 0.997120805864063 0.5683944546690544 0.9908825519028663 0.5701186036720951 0.9664094017474024 0.5586242769851576 0.9390570574560012 0.5448310849608328 0.9275402809122533 0.5178194172465299 0.9150637729898599 0.4942560475383082 0.9107449817859545 0.4764398411735552 0.9088255190286632 0.49138246586657386 0.9208221612617337 0.4959801965413489 0.9467349084851662 0.4827617208513708 0.9587315507182371 0.47873870651094275 0.9779261782911499 0.49023303319788014 0.9894429548348979
0 0.6258596663401876 0.4711880103662457 0.6488483197140624 0.4846242496672848 0.6637909444070812 0.5105369968907174 0.6632162280727342 0.5302114901529533 0.681607150771834 0.5455671922112837 0.6844807324435684 0.5647618197841967 0.7074693858174431 0.5796376561532044 0.7511478272278054 0.5714799394347163 0.7310327555256648 0.5949933582115348 0.7137912654952587 0.6127483887164793 0.712641832826565 0.6448993899011087 0.7448259475499897 0.6842483764255805 0.7494236782247647 0.7235973629500522 0.7517225435621522 0.7634262151638467 0.7114924001578713 0.7663054092997836 0.6982739244678933 0.6996040784839108 0.6632162280727342 0.6117886573378337 0.6482736033797155 0.575318864949299 0.6448253053736344 0.5484463863472206
0 0.7517225435621522 0.8603590844070577 0.7683893172582114 0.840204725455499 0.8011481483159829 0.8339664714943023 0.823562085355511 0.8330067401156566 0.8620680797567511 0.8570000245817978 0.8724129737749948 0.8901107571450728 0.8908038964740947 0.9241812210869935 0.8787348534528105 0.936657729009387 0.8522979020728545 0.9376174603880326 0.8333322630394077 0.9481745055531348 0.8166654893433486 0.9616107448541739 0.7735617642673333 0.950093968310426 0.7545961252338865 0.9299396093588674 0.7609180049117021 0.9165033700578283 0.7827572256168832 0.9323389378054814 0.8040217299877174 0.9433758486599066 0.8356311283767951 0.936657729009387 0.8505737530698138 0.9289798779802219 0.86781524310022 0.9189026985044424 0.8591944980850169 0.9040268621354347 0.863217512425445 0.8886711600771043 0.8540220510758949 0.8665973383682544 0.8390794263828764 0.8555604275138294 0.8137919076716141 0.8478825764846641 0.7908032542977395 0.8555604275138294 0.7793089276108021 0.8627584128536718 0.7620674375803957 0.864677875610963
0 0.5650979893316791 0.2749540611733183 0.5461258745819344 0.21837915146687417 0.5583222340639131 0.17198772550759003 0.5772943488136577 0.1255962995483059 0.6260797867415725 0.1493577616250124 0.6586034120268489 0.22856263521403414 0.5908458593491895 0.2670335738144161
0 0.7873427621144018 0.09051985553031056 0.767015496311104 0.02715595665909316 0.8374833510958696 0.0746788808125062 0.8889790911308908 0.15840974717804346 0.9336990758981458 0.21724765327274528 0.9282784716839332 0.26250758103790056 0.9499608885407841 0.29645252686176704 0.9296336227374864 0.32247698532673125 0.8483245595242951 0.21045866410797204 0.9011754506128695 0.23535162437880744
1 0.0018037060522792928 0.0 0.0 0.08433734939759036 0.08297047840484746 0.006024096385542169 0.11543718734587474 0.004518072289156626 0.13708165997322624 0.07078313253012049 0.15511872049601916 0.14457831325301204 0.16052983865285703 0.21385542168674695 0.1623335447051363 0.2756024096385542 0.15872613260057775 0.3313253012048193 0.15151130839146057 0.43373493975903615 0.14068907207778483 0.5030120481927711 0.14068907207778483 0.6792168674698796 0.1424927781300641 0.7801204819277109 0.15692242654829847 0.8524096385542169 0.18578172338476714 0.9036144578313254 0.2705559078418939 0.8975903614457831 0.2849855562601282 0.8478915662650602 0.27777073205101105 0.7590361445783133 0.2849855562601282 0.6626506024096386 0.2994152046783626 0.5933734939759037 0.29580779257380396 0.5135542168674698 0.2994152046783626 0.45481927710843373 0.3246670894102726 0.3885542168674699 0.3354893257239484 0.3253012048192771 0.35893750440357924 0.36746987951807225 0.3715634467695343 0.4352409638554217 0.37517085887409285 0.5150602409638554 0.3896005072923272 0.5737951807228916 0.395011625449165 0.6265060240963856 0.3986190375537237 0.6671686746987951 0.41124497991967873 0.75 0.4166560980765166 0.8313253012048193 0.443711688860706 0.9126506024096386 0.4797858099062918 0.9969879518072289 0.5880081730430494 0.9969879518072289 0.5988304093567252 0.9518072289156626 0.5753822306770944 0.8659638554216867 0.5627562883111393 0.7831325301204819 0.5645599943634186 0.7048192771084338 0.5663637004156978 0.641566265060241 0.5645599943634186 0.572289156626506 0.5447192277883464 0.5030120481927711 0.548326639892905 0.35993975903614456 0.5519340519974636 0.3177710843373494 0.5735785246248151 0.30873493975903615 0.6006341154090045 0.3509036144578313 0.6186711759317973 0.44277108433734935 0.6312971182977524 0.5060240963855421 0.6439230606637074 0.5451807228915663 0.6493341788205452 0.5873493975903614 0.6799971817092935 0.6385542168674698 0.7016416543366448 0.7259036144578314 0.7323046572253928 0.8373493975903614 0.7593602480095822 0.9382530120481928 0.8188825477347988 0.9683734939759038 0.8802085535122948 0.9427710843373494 0.8946382019305291 0.9141566265060241 0.8621714929895019 0.7996987951807228 0.8513492566758261 0.7289156626506024 0.8369196082575918 0.677710843373494 0.838723314309871 0.5993975903614458 0.8369196082575918 0.5316265060240963 0.8080603114211232 0.48493975903614456 0.7719861903755373 0.40813253012048195 0.7485380116959064 0.3072289156626506 0.7503417177481857 0.23343373493975902 0.7828084266892131 0.20481927710843373 0.8188825477347988 0.2063253012048193 0.8495455506235469 0.25301204819277107 0.9090678503487635 0.3072289156626506 0.9523567956034665 0.39156626506024095 0.9956457408581695 0.45933734939759036 0.9974494469104488 0.16265060240963855 0.8549566687803847 0.006024096385542169
