1 0.7192430017914782 0.9946018893387314 0.6820686443955143 0.9325236167341431 0.6448942869995503 0.8906882591093117 0.6044873767865457 0.8515519568151148 0.5592316373479809 0.8191632928475033 0.5123596215008958 0.7705802968960864 0.4816503697390124 0.7260458839406208 0.44609228875156853 0.6693657219973009 0.41053420776412464 0.6045883940620783 0.4008365493130036 0.573549257759784 0.3927551672704027 0.5344129554655871 0.3652784683255597 0.4885290148448043 0.3539645334659185 0.44534412955465585 0.33941804578923684 0.38596491228070173 0.34911570424035804 0.3522267206477733 0.3733598503681606 0.3522267206477733 0.3927551672704027 0.388663967611336 0.4073016549470843 0.42780026990553305 0.4331620774834072 0.46558704453441296 0.45094111797712905 0.4939271255060729 0.4622550528367702 0.4750337381916329 0.4347783538919273 0.43454790823211875 0.41861558980672553 0.3954116059379217 0.4073016549470843 0.3630229419703104 0.39437144367892285 0.31713900134952766 0.3879063380448422 0.27125506072874495 0.3911388908618825 0.22672064777327935 0.4073016549470843 0.20512820512820512 0.42992952466636675 0.21052631578947367 0.44447601234304834 0.25101214574898784 0.4541736707941694 0.300944669365722 0.5172084507264563 0.4048582995951417 0.46063877642825013 0.28205128205128205 0.44609228875156853 0.22941970310391363 0.43154580107488694 0.1889338731443995 0.42346441903228604 0.15114709851551958 0.4331620774834072 0.11740890688259109 0.46548760565381064 0.10526315789473684 0.49134802819013346 0.11605937921727395 0.5107433450923755 0.15384615384615385 0.5188247271349764 0.1902834008097166 0.5446851496712992 0.2388663967611336 0.560847913756501 0.2807017543859649 0.5818595070672633 0.31713900134952766 0.6077199296035861 0.36437246963562747 0.6271152465058282 0.3481781376518219 0.606103653195066 0.2739541160593792 0.5915571655183843 0.20647773279352225 0.5721618486161423 0.14979757085020243 0.5624641901650211 0.10526315789473684 0.5640804665735414 0.07152496626180836 0.5915571655183843 0.05398110661268556 0.6271152465058282 0.06747638326585695 0.6497431162251107 0.10256410256410256 0.6756035387614335 0.14304993252361672 0.7046965141147966 0.2145748987854251 0.7305569366511194 0.291497975708502 0.7580336355959625 0.36437246963562747 0.8162195863026888 0.4224021592442645 0.8776380898264555 0.4642375168690958 0.9164287236309397 0.4682860998650472 0.955219357435424 0.4426450742240216 0.9859286091973073 0.398110661268556 0.9972425440569485 0.3670715249662619 0.9956262676484283 0.9959514170040485
0 0.6691384331273528 0.913630229419703 0.7143941725659179 0.9068825910931174 0.7386383186937203 0.893387314439946 0.6966151320721958 0.8690958164642375 0.6545919454506712 0.8677462887989204 0.6756035387614335 0.8299595141700405 0.7111616197488773 0.8367071524966262 0.717626725382958 0.7989203778677463 0.680452367986994 0.7894736842105263 0.6675221567188326 0.7395411605937922 0.6448942869995503 0.7219973009446694 0.6109524824206265 0.6882591093117408 0.5479177024883396 0.6477732793522267 0.4945805810071738 0.6045883940620783 0.5010456866412545 0.6423751686909581 0.45902250001972994 0.6734143049932524 0.5042782394582949 0.7503373819163293 0.5818595070672633 0.8326585695006747 0.6271152465058282 0.8717948717948718
0 0.6400454577739896 0.4642375168690958 0.6659058803103125 0.4925775978407557 0.6917663028466352 0.49122807017543857 0.7305569366511194 0.4844804318488529 0.7240918310170388 0.4574898785425101 0.6982314084807161 0.44804318488529016 0.6691384331273528 0.4304993252361673
0 0.4331620774834072 0.6396761133603239 0.5398363204457387 0.5506072874493927 0.5010456866412545 0.5074224021592443 0.505894515866815 0.48043184885290147 0.5495339788968597 0.43859649122807015 0.5673130193905818 0.40350877192982454 0.5559990845309405 0.39271255060728744 0.5172084507264563 0.41700404858299595 0.5026619630497747 0.45614035087719296 0.4864991989645729 0.46558704453441296 0.46548760565381064 0.4817813765182186 0.44285973593452815 0.5263157894736842 0.4202318662152457 0.5641025641025641
0 0.4202318662152457 0.388663967611336 0.4557899472026896 0.45883940620782726 0.478417816921972 0.4399460188933873 0.4541736707941694 0.4183535762483131 0.4541736707941694 0.3846153846153847 0.43962718311748783 0.3711201079622132
0 0.4169993133982054 0.3738191632928475 0.43962718311748783 0.34547908232118757 0.44932484156860886 0.30364372469635625 0.4331620774834072 0.27800269905533065 0.4008365493130036 0.27800269905533065 0.39437144367892285 0.31309041835357626
0 0.46063877642825013 0.3049932523616734 0.5075107922753352 0.3684210526315789 0.5269061091775773 0.39946018893387314 0.5479177024883396 0.3549257759784076 0.5172084507264563 0.28879892037786775 0.4945805810071738 0.23481781376518218 0.4557899472026896 0.2483130904183536
0 0.6238826936887879 0.31039136302294196 0.652975669042151 0.29959514170040485 0.6756035387614335 0.3144399460188934 0.6659058803103125 0.33738191632928477 0.6287315229143484 0.34008097165991896
0 0.6287315229143484 0.3697705802968961 0.6497431162251107 0.3508771929824561 0.6756035387614335 0.3562753036437247 0.6562082218591914 0.37516869095816463
0 0.817835862711209 0.9379217273954116 0.8760218134179353 0.9379217273954116 0.8986496831372177 0.9608636977058029 0.8663241549668144 0.9662618083670715 0.8146033098941686 0.9608636977058029
0 0.5592316373479809 0.6072874493927125 0.5947897183354247 0.6126855600539811 0.6319640757313888 0.6369770580296896 0.6659058803103125 0.6504723346828611 0.6788360915784737 0.5924426450742241 0.625498970097308 0.5182186234817814 0.6077199296035861 0.49122807017543857 0.5624641901650211 0.46963562753036436 0.5656967429820615 0.5074224021592443
0 0.7596499120044826 0.8367071524966262 0.7774289524982045 0.8569500674763834 0.8259172447538099 0.8461538461538461 0.8000568222174871 0.8367071524966262
0 0.358813362691479 0.44534412955465585 0.3911388908618825 0.4318488529014845 0.3959877200874431 0.45883940620782726 0.42992952466636675 0.4925775978407557 0.4202318662152457 0.5425101214574899 0.4008365493130036 0.5479082321187584
