1 0.588324612701344 0.001349527665317139 0.4541736707941694 0.17678812415654518 0.4412434595260081 0.21187584345479082 0.4250806954408063 0.2321187584345479 0.3911388908618825 0.2726045883940621 0.3685110211426001 0.31039136302294196 0.3830575088192817 0.33468286099865047 0.42346441903228604 0.3427800269905534 0.478417816921972 0.29554655870445345 0.5172084507264563 0.25101214574898784 0.5446851496712992 0.2807017543859649 0.5527665317139001 0.32253711201079616 0.5430688732627791 0.3967611336032389 0.5269061091775773 0.46963562753036436 0.5204410035434966 0.5114709851551957 0.5091270686838554 0.5641025641025641 0.48973175178161327 0.6261808367071525 0.4881154753730931 0.6558704453441295 0.505894515866815 0.6774628879892037 0.5269061091775773 0.6720647773279353 0.5463014260798195 0.641025641025641 0.5689292957991019 0.5856950067476383 0.5980222711524651 0.5263157894736842 0.6141850352376668 0.44534412955465585 0.6368129049569493 0.4493927125506073 0.6093362060121063 0.5168690958164642 0.5139758979094159 0.717948717948718 0.5172084507264563 0.7489878542510121 0.5495339788968597 0.7678812415654521 0.5867083362928238 0.7435897435897436 0.6141850352376668 0.6801619433198379 0.64327801059103 0.641025641025641 0.680452367986994 0.5910931174089069 0.6949988556636755 0.5317139001349528 0.7095453433403572 0.4709851551956815 0.727324383834079 0.4750337381916329 0.6933825792551555 0.5721997300944669 0.6820686443955143 0.6248313090418354 0.6739872623529134 0.6477732793522267 0.6562082218591914 0.6909581646423751 0.6335803521399089 0.7368421052631579 0.6416617341825098 0.7638326585695006 0.6853011972125546 0.777327935222672 0.7127778961573975 0.7692307692307694 0.7402545951022406 0.6963562753036437 0.764498741230043 0.6477732793522267 0.8016730986260072 0.5856950067476383 0.8210684155282493 0.5033738191632928 0.8404637324304914 0.45209176788124156 0.8647078785582941 0.43859649122807015 0.8663241549668144 0.46963562753036436 0.855010220107173 0.5303643724696356 0.8485451144730923 0.5748987854251012 0.817835862711209 0.6302294197031039 0.8065219278515677 0.6747638326585695 0.8081382042600879 0.6936572199730093 0.8420800088390117 0.7058029689608637 0.8824869190520161 0.6936572199730093 0.9245101056735404 0.6261808367071525 0.9584519102524642 0.5371120107962213 0.9923937148313879 0.4008097165991903 1.0 0.0
0 0.5976554597005708 0.6611150286185881 0.5520381648820414 0.6428324721795993 0.5702850828094531 0.6245499157406106 0.5994801514933119 0.6413089258096835 0.6122529940425001 0.6534972967690094
0 0.5876196548404943 0.5651316073138971 0.6022171891824237 0.5438019581350769 0.6496591757936944 0.5620845145740657 0.610428302249759 0.5689404732386865 0.610428302249759 0.5834141637528859 0.590356692529606 0.5864612564927173 0.5830579253586413 0.5727493391634758
0 0.6797665903739236 0.6352147403300207 0.7235591933997118 0.6474031112893465 0.7345073441561588 0.6611150286185881 0.6788542444775529 0.6519737503990936
0 0.5000344487889179 0.5971260810821274 0.526492479783665 0.594078988342296 0.5502134730893001 0.5910318956024645 0.5301418633691473 0.5597991950191922 0.5502134730893001 0.5498961436147399 0.5228430961981826 0.5316135871757511
0 0.548388781296559 0.520948762586341 0.5675480451203414 0.5148545771066783 0.559336932053006 0.4965720206676894 0.5556875484675238 0.493524927927858 0.5848826171513825 0.4523891759401334 0.5429147059183356 0.4325830731312289 0.528317171576406 0.4820983301534901 0.5255801338872943 0.5194252162164253 0.5401776682292236 0.5285664944359197
0 0.5429147059183356 0.41506228987719795 0.5465640895038179 0.3693558987797262 0.5757591581876766 0.3899237747735885 0.5556875484675238 0.4005885993629986 0.579408541773159 0.40515923847274576 0.6031295350787942 0.4386772586108918
0 0.6286752201771707 0.487430742448195 0.6469221381045824 0.5133310307367625 0.6742925149957002 0.4950484742977737
0 0.6432727545191002 0.4813365569685321 0.6432727545191002 0.4691481860092063 0.6806789362702943 0.4737188251189535 0.6742925149957002 0.4836218765234057
0 0.6423604086227296 0.443247897720639 0.6596949806537706 0.42420356809669235 0.6989258541977059 0.4325830731312288 0.694364124715853 0.4592451346047541 0.6350616414517648 0.45086562957021764
0 0.7326826523634176 0.45695981504988054 0.7326826523634176 0.4287742072064396 0.7764752553892059 0.4158240630621559 0.7947221733166177 0.4196329289869452 0.8202678584149942 0.43563016587106035 0.8184431666222529 0.4554362686799648 0.7545789538763118 0.4592451346047541
0 0.7235591933997118 0.4843836497083636 0.7509295702908294 0.4737188251189535 0.7782999471819472 0.4836218765234057 0.7819493307674295 0.5087603916270153 0.725383885192453 0.5224723089562567 0.7673517964254999 0.5453255045049927 0.7673517964254999 0.5651316073138971 0.7016628918868177 0.5582756486492764 0.7062246213686707 0.5811288441980123 0.7591406833581648 0.5879848028626331 0.7445431490162353 0.6474031112893465 0.6806789362702943 0.6245499157406106
0 0.6031295350787942 0.34421738367611676 0.6149900317316119 0.3693558987797262 0.6377986791408766 0.3503115691557796 0.6387110250372472 0.3381231981964538 0.6058665727679061 0.3335525590867066
0 0.5985678055969413 0.37621185744434693 0.5976554597005708 0.38840022840367283 0.6159023776279825 0.3914473211435043 0.6268505283844296 0.37011767196468415
0 0.7673517964254999 0.3396467445663695 0.8157061289331412 0.3350761054566223 0.8047579781766941 0.36707057922485264 0.7710011800109824 0.35564398145048465 0.7655271046327589 0.34726447641594826 0.7618777210472766 0.3457409300460324
0 0.8576740401661883 0.42496534128165026 0.849462927098853 0.40363569210283 0.8969049137101234 0.3983032798081251 0.9215382529121292 0.4082063312125772 0.9023789890883469 0.4493420832003018 0.8704468827153764 0.45772158823483833
0 0.8604110778552999 0.5361842262854984 0.8786579957827116 0.5331371335456668 0.8768333039899706 0.554466782724487 0.8768333039899706 0.577319978273223 0.849462927098853 0.5834141637528859 0.8640604614407824 0.6047438129317061 0.8768333039899706 0.6230263693706948 0.8421641599278883 0.6352147403300207 0.8567616942698176 0.6664474409132931 0.8458135435133707 0.6953948219416918 0.8220925502077353 0.7007272342363968 0.8020209404875824 0.6733033995779139 0.8129690912440295 0.6397853794397679 0.8330407009641825 0.6062673593016218 0.8531123106843352 0.5575138754643185
0 0.6578702888610295 0.32908601590179715 0.6861530116485177 0.3168976449424713 0.6825036280630354 0.2605264292555894 0.7116986967468941 0.25290869740601074 0.7226468475033411 0.26814416110516803 0.718997463917859 0.2909973566539039 0.7244715392960823 0.31994473768230275 0.7071369672650413 0.3397508404912072 0.694364124715853 0.3565098505602802 0.683415973959406 0.3709835410744796
